Ts0 = 0.284587 C 
Ts1 = -0.0022914 C 
Ts2 = 4.35482e-06 C 
bbs0 = 0.10798 C 
bbs1 = -0.000774475 C 
bbs2 = 1.3345e-06 C 
ns0 = 0.733 C 
ns1 = 0. C 
ns2 = 0. C 
ms = 1066.2 C 
ndues = 0.95 C 
