bb0 = 0.0539763 C 
bb1 = -0.000160824 C 
bb2 = 2.01212e-07 C 
T0 = 0.0115616 C 
T1 = 0.000315634 C 
T2 = -3.47123e-07 C 
n0 = 1.26511 C 
n1 = -5.41715e-05 C 
n2 = 9.83222e-08 C 
m = 54.47 C 
ndue = 1.73 C 
