Ts0 = -0.0737092 C 
Ts1 = 0.00111146 C 
Ts2 = -1.90301e-06 C 
bbs0 = 0.0352772 C 
bbs1 = -7.93554e-05 C 
bbs2 = 5.06392e-08 C 
ns0 = 0.733 C 
ns1 = 0. C 
ns2 = 0. C 
ms = 1066.2 C 
ndues = 0.95 C 
