Ts0 = 0.0273356 C 
Ts1 = -6.04153e-06 C 
Ts2 = 5.03031e-07 C 
bbs0 = 0.0513672 C 
bbs1 = -0.000195748 C 
bbs2 = 2.68015e-07 C 
ns0 = 0.733 C 
ns1 = 0. C 
ns2 = 0. C 
ms = 1803.8 C 
ndues = 0.95 C 
