Ts0 = -0.00333388 C 
Ts1 = 0.00033473 C 
Ts2 = -2.06829e-07 C 
bbs0 = 0.046886 C 
bbs1 = -0.000166306 C 
bbs2 = 2.03732e-07 C 
ns0 = 0.733 C 
ns1 = 0. C 
ns2 = 0. C 
ms = 1066.2 C 
ndues = 0.95 C 
