bb0 = 0.0506569 C 
bb1 = -0.000135243 C 
bb2 = 1.46198e-07 C 
T0 = 0.0106501 C 
T1 = 0.000369958 C 
T2 = -3.88862e-07 C 
n0 = 1.29479 C 
n1 = -0.000268647 C 
n2 = 4.93061e-07 C 
m = 54.47 C 
ndue = 1.73 C 
