bb0 = 0.0528315 C 
bb1 = -0.000152792 C 
bb2 = 1.82048e-07 C 
T0 = 0.012077 C 
T1 = 0.000312418 C 
T2 = -3.3157e-07 C 
n0 = 1.27497 C 
n1 = -0.00012055 C 
n2 = 2.92326e-07 C 
m = 54.47 C 
ndue = 1.73 C 
