bb0 = 0.0550459 C 
bb1 = -0.000185253 C 
bb2 = 2.50097e-07 C 
T0 = 0.0243131 C 
T1 = 0.000265951 C 
T2 = -2.31997e-07 C 
n0 = 1.31719 C 
n1 = -0.000189096 C 
n2 = 2.7811e-07 C 
m = 54.47 C 
ndue = 1.73 C 
